word	label	negative	neutral	positive
!	positive	0.065	0.261	0.674
'\"'	neutral	0.154	0.624	0.223
#	neutral	0.113	0.684	0.203
$	neutral	0.074	0.603	0.323
'\%'	neutral	0.095	0.764	0.142
&	neutral	0.054	0.543	0.403
'\''	neutral	0.342	0.388	0.27
(	neutral	0.138	0.646	0.216
pixelated	positive	0.373	0.25	0.377
)	neutral	0.135	0.624	0.241
*	negative	0.675	0.058	0.267
+	positive	0.199	0.135	0.666
','	neutral	0.192	0.593	0.215
-	positive	0.078	0.459	0.463
0	neutral	0.333	0.461	0.206
/	neutral	0.109	0.759	0.132
0	negative	0.469	0.38	0.151
@melissasuzanne	neutral	0.022	0.582	0.395
1	neutral	0.169	0.69	0.141
2	positive	0.193	0.214	0.593
3	negative	0.496	0.446	0.058
4	positive	0.271	0.273	0.457
5	neutral	0.274	0.586	0.14
6	neutral	0.054	0.814	0.132
7	neutral	0.067	0.796	0.138
8	neutral	0.034	0.765	0.201
9	neutral	0.063	0.804	0.132
:	neutral	0.352	0.546	0.102
;	positive	0.203	0.35	0.447
<	positive	0.254	0.325	0.421
=	neutral	0.369	0.525	0.106
>	positive	0.179	0.349	0.472
'?'	neutral	0.159	0.648	0.193
@	neutral	0.233	0.669	0.097
[	neutral	0.159	0.643	0.198
]	neutral	0.154	0.635	0.211
flip	neutral	0.444	0.484	0.072
^	neutral	0.358	0.431	0.211
_	neutral	0.09	0.654	0.256
`	negative	0.469	0.38	0.151
a	neutral	0.221	0.586	0.194
b	neutral	0.341	0.518	0.141
c	neutral	0.143	0.638	0.22
garland	neutral	0.018	0.638	0.344
d	negative	0.552	0.374	0.074
e	neutral	0.14	0.713	0.147
f	neutral	0.149	0.741	0.109
g	neutral	0.126	0.747	0.127
h	neutral	0.052	0.831	0.116
i	neutral	0.362	0.462	0.176
j	neutral	0.162	0.715	0.122
@xsparkage	positive	0.137	0.246	0.617
bettah	negative	0.56	0.328	0.112
k	neutral	0.206	0.693	0.102
l	neutral	0.3	0.65	0.05
m	neutral	0.179	0.754	0.067
n	neutral	0.391	0.548	0.061
o	neutral	0.179	0.672	0.149
p	neutral	0.164	0.715	0.121
q	neutral	0.259	0.546	0.195
r	neutral	0.072	0.488	0.44
s	neutral	0.195	0.457	0.348
t	neutral	0.147	0.668	0.185
u	neutral	0.037	0.521	0.442
v	neutral	0.17	0.689	0.141
w	neutral	0.132	0.633	0.235
x	neutral	0.036	0.696	0.268
y	neutral	0.373	0.501	0.126
z	neutral	0.163	0.651	0.186
'{'	positive	0.223	0.302	0.475
|	neutral	0.287	0.477	0.236
'}'	positive	0.261	0.317	0.422
~	neutral	0.314	0.462	0.224
@java4two	positive	0.079	0.086	0.835
£	neutral	0.03	0.505	0.466
«	negative	0.542	0.435	0.023
»	neutral	0.175	0.59	0.235
à	neutral	0.052	0.636	0.311
é	neutral	0.073	0.696	0.231
@miss_hazy	neutral	0.085	0.497	0.418
ö	positive	0.282	0.137	0.581
ü	positive	0.059	0.261	0.68
ý	negative	0.678	0.221	0.101
flor	neutral	0.087	0.719	0.194
rememeber	neutral	0.172	0.771	0.056
ı	neutral	0.084	0.589	0.327
@lesliein	positive	0.126	0.373	0.501
@lordblackadder	positive	0.053	0.453	0.494
h.s.	neutral	0.028	0.646	0.326
kristen	neutral	0.088	0.563	0.35
@weeyin13	neutral	0.086	0.63	0.284
whaaaaaat	neutral	0.416	0.546	0.039
@bryanricard	neutral	0.147	0.526	0.327
@vasbestkept	positive	0.014	0.375	0.611
flys	negative	0.661	0.133	0.205
flyy	negative	0.618	0.027	0.355
@michaelseater	positive	0.178	0.178	0.644
flipflops	neutral	0.141	0.835	0.025
apetite	neutral	0.326	0.38	0.295
assume	neutral	0.197	0.608	0.196
kristie	neutral	0.05	0.658	0.293
kristin	neutral	0.078	0.843	0.079
@minastefan	positive	0.12	0.288	0.592
@afinefrenzy	positive	0.016	0.279	0.705
pro-life	negative	0.692	0.11	0.199
bettie	neutral	0.014	0.842	0.144
@aiyerchitra	negative	0.597	0.066	0.337
frasier	neutral	0.068	0.809	0.123
posers	negative	0.817	0.035	0.148
threads	neutral	0.165	0.719	0.116
!!	positive	0.312	0.104	0.584
'!,'	neutral	0.091	0.615	0.295
!.	positive	0.114	0.338	0.548
а	neutral	0.153	0.723	0.123
в	neutral	0.142	0.743	0.114
е	neutral	0.131	0.724	0.145
и	neutral	0.174	0.708	0.119
к	neutral	0.164	0.789	0.047
!?	neutral	0.289	0.474	0.237
о	neutral	0.088	0.797	0.115
'\"\"'	neutral	0.141	0.556	0.302
т	neutral	0.167	0.738	0.095
у	neutral	0.131	0.723	0.146
'\"\''	neutral	0.191	0.72	0.089
@judyrey	positive	0.037	0.137	0.826
ь	neutral	0.116	0.823	0.062
я	neutral	0.173	0.701	0.126
#1	positive	0.056	0.4	0.543
#2	positive	0.089	0.431	0.48
#3	neutral	0.083	0.598	0.319
#4	neutral	0.061	0.539	0.401
#5	neutral	0.222	0.49	0.288
#6	negative	0.59	0.202	0.208
#7	neutral	0.367	0.587	0.046
#8	neutral	0.265	0.445	0.29
#9	neutral	0.364	0.598	0.038
$$	neutral	0.155	0.512	0.333
$0	neutral	0.197	0.615	0.188
$1	neutral	0.074	0.595	0.332
$2	neutral	0.121	0.542	0.337
$3	neutral	0.069	0.592	0.339
$4	neutral	0.049	0.622	0.33
$5	neutral	0.056	0.682	0.262
$6	neutral	0.087	0.53	0.383
$7	neutral	0.088	0.71	0.202
$8	neutral	0.024	0.547	0.429
$9	positive	0.199	0.326	0.475
definetely	neutral	0.067	0.634	0.299
#s	negative	0.668	0.276	0.056
#t	neutral	0.328	0.443	0.229
&&	neutral	0.234	0.446	0.32
'&\''	neutral	0.171	0.751	0.078
waisting	negative	0.594	0.39	0.016
&+	neutral	0.156	0.517	0.327
'\'\"'	neutral	0.148	0.453	0.399
@gypsyraven	positive	0.056	0.148	0.796
'\'\''	negative	0.429	0.283	0.288
billions	negative	0.636	0.245	0.118
(&	positive	0.036	0.43	0.534
'(\''	neutral	0.062	0.672	0.266
((	positive	0.349	0.292	0.358
()	neutral	0.13	0.439	0.431
(*	positive	0.363	0.115	0.522
(+	positive	0.08	0.435	0.485
attempt	neutral	0.248	0.614	0.137
(;	positive	0.069	0.157	0.774
(=	positive	0.055	0.313	0.632
')\''	neutral	0.392	0.545	0.064
))	positive	0.117	0.293	0.59
)-	positive	0.017	0.475	0.508
);	neutral	0.159	0.613	0.227
*)	positive	0.349	0.215	0.436
**	neutral	0.182	0.638	0.18
@paulmason10538	positive	0.03	0.147	0.824
@revrunwisdom	positive	0.017	0.146	0.837
++	neutral	0.379	0.418	0.203
1	negative	0.446	0.263	0.292
8	neutral	0.173	0.804	0.023
',!'	positive	0.042	0.16	0.798
',,'	negative	0.514	0.421	0.065
',.'	neutral	0.408	0.5	0.092
',?'	neutral	0.012	0.697	0.291
-&	negative	0.837	0.12	0.043
-(	negative	0.817	0.129	0.055
-)	neutral	0.292	0.677	0.031
-*	neutral	0.304	0.363	0.333
--	neutral	0.085	0.592	0.322
0	negative	0.528	0.418	0.054
-1	neutral	0.076	0.752	0.172
-2	neutral	0.143	0.808	0.049
-3	neutral	0.112	0.786	0.102
-4	neutral	0.065	0.891	0.044
-5	neutral	0.088	0.825	0.087
-6	neutral	0.099	0.8	0.101
-7	neutral	0.004	0.664	0.333
-8	neutral	0.012	0.675	0.313
@shontelle_layne	positive	0.018	0.278	0.703
messengers	negative	0.476	0.407	0.117
->	neutral	0.097	0.64	0.263
.!	positive	0.384	0.196	0.42
'.,'	neutral	0.122	0.683	0.195
..	neutral	0.144	0.67	0.185
.?	neutral	0.212	0.599	0.189
-a	positive	0.089	0.212	0.698
-h	neutral	0.109	0.801	0.09
-i	neutral	0.203	0.54	0.257
-j	negative	0.745	0.246	0.008
//	positive	0.147	0.419	0.434
-m	negative	0.737	0.136	0.126
-s	neutral	0.185	0.486	0.329
-x	negative	0.668	0.303	0.029
/:	negative	0.714	0.263	0.024
'0\%'	neutral	0.043	0.68	0.277
0	neutral	0.142	0.603	0.256
1	neutral	0.146	0.689	0.165
2	neutral	0.128	0.746	0.126
3	neutral	0.079	0.797	0.125
4	neutral	0.051	0.677	0.271
5	neutral	0.093	0.819	0.088
6	neutral	0.15	0.718	0.132
7	neutral	0.311	0.599	0.09
8	neutral	0.166	0.681	0.153
9	positive	0.062	0.43	0.508
'1\%'	negative	0.41	0.3	0.29
10	neutral	0.249	0.563	0.188
11	neutral	0.054	0.826	0.12
12	neutral	0.057	0.82	0.123
13	neutral	0.058	0.759	0.184
14	neutral	0.186	0.654	0.16
15	neutral	0.155	0.745	0.1
16	neutral	0.122	0.597	0.281
17	neutral	0.146	0.616	0.238
18	neutral	0.109	0.65	0.241
19	neutral	0.16	0.562	0.278
'2\%'	positive	0.031	0.47	0.499
burfday	positive	0.031	0.258	0.71
0f	neutral	0.07	0.527	0.403
0h	negative	0.507	0.398	0.094
2+	neutral	0.352	0.501	0.147
2-	neutral	0.083	0.532	0.385
20	neutral	0.156	0.743	0.101
0n	neutral	0.259	0.531	0.21
21	neutral	0.133	0.64	0.227
22	neutral	0.156	0.471	0.373
23	neutral	0.163	0.653	0.184
24	neutral	0.168	0.621	0.211
25	neutral	0.124	0.768	0.108
26	neutral	0.122	0.59	0.287
27	neutral	0.095	0.681	0.224
28	neutral	0.116	0.623	0.261
29	neutral	0.093	0.68	0.227
1a	neutral	0.235	0.555	0.211
'3\%'	negative	0.466	0.459	0.075
1g	neutral	0.06	0.586	0.354
1h	neutral	0.138	0.793	0.07
3+	negative	0.58	0.322	0.098
1k	neutral	0.023	0.54	0.437
3-	neutral	0.15	0.811	0.039
1m	neutral	0.02	0.833	0.147
30	neutral	0.192	0.76	0.048
31	neutral	0.064	0.672	0.264
32	neutral	0.08	0.634	0.287
33	neutral	0.105	0.684	0.21
34	neutral	0.086	0.747	0.167
35	neutral	0.111	0.809	0.08
1s	neutral	0.146	0.664	0.191
36	neutral	0.179	0.684	0.137
37	neutral	0.076	0.702	0.222
38	neutral	0.155	0.602	0.243
39	neutral	0.115	0.614	0.271
1x	neutral	0.342	0.596	0.062
2a	neutral	0.062	0.904	0.034
2b	positive	0.195	0.286	0.518
2c	neutral	0.138	0.65	0.212
2d	neutral	0.114	0.719	0.168
2g	positive	0.125	0.431	0.444
2h	neutral	0.014	0.812	0.174
4+	neutral	0.061	0.835	0.104
2k	neutral	0.071	0.756	0.173
2m	negative	0.581	0.286	0.133
40	neutral	0.186	0.734	0.08
41	neutral	0.141	0.634	0.225
42	neutral	0.092	0.697	0.21
2p	neutral	0.01	0.757	0.233
43	neutral	0.213	0.668	0.119
44	neutral	0.289	0.574	0.138
45	neutral	0.16	0.813	0.028
2s	neutral	0.193	0.796	0.012
46	neutral	0.088	0.75	0.162
47	neutral	0.097	0.797	0.106
2u	positive	0.019	0.407	0.574
48	neutral	0.441	0.514	0.045
49	neutral	0.079	0.736	0.185
2x	negative	0.528	0.323	0.149
5$	neutral	0.129	0.495	0.376
'5\%'	positive	0.309	0.299	0.393
3d	neutral	0.184	0.634	0.182
techcrunch	neutral	0.195	0.681	0.124
3g	positive	0.136	0.426	0.439
5*	positive	0.037	0.254	0.709
5+	neutral	0.15	0.717	0.133
3k	neutral	0.089	0.766	0.145
5-	neutral	0.019	0.701	0.28
50	neutral	0.077	0.758	0.165
pleaseeeeee	positive	0.373	0.215	0.412
51	neutral	0.099	0.755	0.145
52	neutral	0.081	0.756	0.163
53	neutral	0.12	0.698	0.182
54	neutral	0.12	0.679	0.202
55	neutral	0.182	0.708	0.111
3s	neutral	0.311	0.513	0.176
56	neutral	0.093	0.784	0.123
57	neutral	0.118	0.704	0.178
58	neutral	0.123	0.714	0.163
59	neutral	0.111	0.786	0.103
3x	neutral	0.272	0.542	0.186
4a	neutral	0.064	0.789	0.147
4d	neutral	0.109	0.65	0.241
4g	positive	0.268	0.232	0.5
4h	negative	0.506	0.367	0.128
4k	neutral	0.063	0.842	0.096
4m	neutral	0.169	0.679	0.152
60	neutral	0.104	0.835	0.061
61	neutral	0.129	0.602	0.268
62	neutral	0.381	0.535	0.084
63	neutral	0.192	0.575	0.233
64	neutral	0.136	0.672	0.192
65	neutral	0.097	0.742	0.162
66	neutral	0.034	0.677	0.29
67	neutral	0.225	0.687	0.089
4u	positive	0.073	0.402	0.525
68	neutral	0.118	0.668	0.215
69	neutral	0.083	0.67	0.247
4x	neutral	0.101	0.69	0.209
5a	neutral	0.139	0.685	0.177
5d	neutral	0.078	0.727	0.195
5h	neutral	0.264	0.671	0.065
5k	neutral	0.153	0.596	0.251
70	neutral	0.115	0.694	0.191
71	neutral	0.103	0.71	0.187
72	neutral	0.108	0.612	0.28
5p	neutral	0.013	0.783	0.204
73	neutral	0.132	0.624	0.243
74	neutral	0.084	0.64	0.275
75	neutral	0.032	0.729	0.24
5s	neutral	0.234	0.745	0.021
76	neutral	0.064	0.81	0.126
77	neutral	0.069	0.688	0.243
78	neutral	0.134	0.686	0.179
79	neutral	0.118	0.66	0.221
5x	negative	0.604	0.257	0.139
'8\%'	neutral	0.109	0.526	0.365
6k	neutral	0.004	0.681	0.315
8-	neutral	0.376	0.468	0.156
80	neutral	0.077	0.741	0.182
81	neutral	0.182	0.726	0.092
82	neutral	0.151	0.701	0.148
83	neutral	0.22	0.528	0.252
84	neutral	0.192	0.661	0.146
85	neutral	0.055	0.66	0.285
86	neutral	0.12	0.699	0.181
87	neutral	0.223	0.706	0.071
88	neutral	0.098	0.735	0.167
89	neutral	0.14	0.733	0.127
'9\%'	neutral	0.256	0.553	0.191
9-	neutral	0.075	0.741	0.184
7k	neutral	0.159	0.546	0.295
bytheway	neutral	0.032	0.791	0.177
90	neutral	0.171	0.737	0.091
91	neutral	0.055	0.669	0.276
92	neutral	0.042	0.771	0.187
93	neutral	0.188	0.692	0.12
94	neutral	0.091	0.719	0.19
7s	neutral	0.165	0.469	0.366
95	neutral	0.085	0.83	0.085
96	neutral	0.281	0.555	0.164
97	neutral	0.145	0.703	0.151
98	neutral	0.089	0.746	0.165
99	neutral	0.133	0.714	0.153
8a	neutral	0.184	0.674	0.142
8d	positive	0.061	0.381	0.558
8k	neutral	0.026	0.908	0.066
betsey	neutral	0.391	0.493	0.116
8p	neutral	0.01	0.786	0.204
wingstop	neutral	0.075	0.563	0.362
::	neutral	0.228	0.688	0.083
;(	negative	0.777	0.189	0.034
;)	positive	0.036	0.326	0.638
;/	negative	0.847	0.141	0.012
@evilrobert	neutral	0.348	0.519	0.134
;3	positive	0.423	0.139	0.438
;;	neutral	0.366	0.38	0.254
:[	negative	0.758	0.187	0.055
<-	positive	0.108	0.429	0.463
:s	negative	0.679	0.288	0.033
<<	positive	0.25	0.283	0.467
;[	neutral	0.418	0.534	0.048
<=	positive	0.251	0.312	0.437
':{'	negative	0.866	0.093	0.041
:|	negative	0.794	0.175	0.031
;]	positive	0.071	0.246	0.683
<>	positive	0.241	0.166	0.593
':}'	positive	0.129	0.185	0.686
;d	positive	0.055	0.255	0.69
Err:510	negative	0.735	0.234	0.031
;o	neutral	0.302	0.489	0.209
;p	positive	0.049	0.22	0.731
3	negative	0.429	0.389	0.181
;s	negative	0.481	0.275	0.243
Err:510	neutral	0.133	0.69	0.177
;|	negative	0.463	0.416	0.121
>>	neutral	0.12	0.549	0.331
?!	neutral	0.29	0.472	0.238
#REF!	positive	0.058	0.3	0.641
@loveandpeace001	positive	0.08	0.453	0.467
'?,'	neutral	0.088	0.83	0.083
?.	neutral	0.086	0.745	0.169
#REF!	negative	0.716	0.191	0.093
#REF!	positive	0.109	0.206	0.685
#REF!	negative	0.736	0.2	0.064
@mandsywoo	positive	0.005	0.44	0.555
Err:520	negative	0.752	0.221	0.027
??	neutral	0.171	0.623	0.205
'=}'	positive	0.073	0.232	0.696
'@\''	negative	0.492	0.352	0.156
@4	negative	0.765	0.066	0.168
@5	negative	0.4	0.245	0.355
@6	neutral	0.403	0.449	0.148
@8	neutral	0.15	0.808	0.043
@fire_flybot	positive	0.31	0.187	0.503
@@	negative	0.721	0.266	0.012
@i	negative	0.796	0.168	0.036
@k	neutral	0.026	0.746	0.228
buckhead	neutral	0.069	0.682	0.249
@s	neutral	0.274	0.368	0.358
@t	neutral	0.141	0.508	0.351
flirt	neutral	0.286	0.473	0.241
h0me	negative	0.475	0.279	0.246
tyrone	neutral	0.023	0.737	0.24
flips	negative	0.578	0.37	0.052
crawling	neutral	0.419	0.564	0.018
@josephthegreat	positive	0.213	0.161	0.626
@shade360	neutral	0.1	0.481	0.419
#goodsex	negative	0.563	0.194	0.243
25mins	negative	0.457	0.452	0.091
hopfully	neutral	0.108	0.628	0.264
skinnier	negative	0.483	0.079	0.438
skinnies	neutral	0.053	0.933	0.013
flies	negative	0.4	0.389	0.211
flick	neutral	0.269	0.536	0.195
veryyy	positive	0.056	0.123	0.822
vibes	positive	0.01	0.448	0.541
'vid\'s'	neutral	0.253	0.675	0.072
@missgreens	positive	0.093	0.416	0.491
#inaperfectworld	negative	0.365	0.324	0.311
bolivia	neutral	0.398	0.506	0.097
@donniesgirl69	positive	0.054	0.146	0.8
rained	neutral	0.428	0.483	0.088
@tssexychanel	neutral	0.119	0.456	0.425
[:	positive	0.027	0.215	0.758
[;	positive	0.014	0.295	0.691
[=	positive	0.038	0.336	0.626
@jj9828	positive	0.006	0.22	0.774
starshine	positive	0.023	0.228	0.749
harrassing	negative	0.635	0.309	0.056
[[	positive	0.097	0.271	0.632
]:	negative	0.52	0.452	0.028
^5	positive	0.015	0.239	0.746
][	positive	0.053	0.265	0.682
]]	positive	0.076	0.371	0.553
rainin	neutral	0.377	0.409	0.214
goingg	neutral	0.235	0.475	0.29
^^	positive	0.08	0.321	0.599
^_	positive	0.096	0.256	0.648
@respectmileyc	positive	0.046	0.178	0.776
flist	neutral	0.155	0.71	0.134
__	neutral	0.252	0.58	0.168
a-	neutral	0.261	0.723	0.016
a1	neutral	0.293	0.697	0.01
a2	neutral	0.055	0.831	0.114
a3	negative	0.541	0.244	0.214
a4	neutral	0.151	0.703	0.147
b+	neutral	0.414	0.568	0.017
b-	neutral	0.105	0.877	0.018
b1	neutral	0.219	0.749	0.031
b2	neutral	0.072	0.762	0.165
fome	neutral	0.287	0.549	0.164
b4	neutral	0.38	0.451	0.169
c#	neutral	0.012	0.768	0.219
aa	neutral	0.265	0.663	0.072
ab	neutral	0.243	0.67	0.087
ac	neutral	0.187	0.742	0.072
ad	neutral	0.082	0.803	0.115
ae	neutral	0.166	0.713	0.121
af	neutral	0.143	0.777	0.08
ag	neutral	0.369	0.521	0.11
ah	positive	0.08	0.175	0.746
ai	neutral	0.113	0.738	0.149
c+	neutral	0.15	0.823	0.027
aj	neutral	0.026	0.735	0.239
ak	neutral	0.104	0.786	0.11
c-	neutral	0.206	0.729	0.065
al	neutral	0.357	0.565	0.077
am	negative	0.531	0.295	0.174
an	neutral	0.086	0.565	0.348
ao	neutral	0.242	0.613	0.145
c1	neutral	0.214	0.515	0.271
ap	neutral	0.208	0.713	0.079
c2	neutral	0.269	0.722	0.008
c3	neutral	0.01	0.722	0.268
aq	neutral	0.18	0.772	0.048
c4	neutral	0.13	0.581	0.289
ar	neutral	0.262	0.655	0.083
as	neutral	0.165	0.653	0.182
at	neutral	0.267	0.565	0.168
au	neutral	0.346	0.579	0.075
av	neutral	0.201	0.556	0.243
aw	neutral	0.124	0.554	0.323
az	neutral	0.114	0.635	0.25
h1n1	negative	0.882	0.062	0.057
ba	neutral	0.091	0.694	0.215
bb	negative	0.406	0.301	0.293
bd	positive	0.06	0.461	0.479
be	positive	0.067	0.362	0.57
bf	neutral	0.392	0.402	0.206
rainnn	negative	0.474	0.349	0.177
bg	neutral	0.179	0.666	0.155
bh	neutral	0.089	0.753	0.158
bi	neutral	0.312	0.663	0.025
d+	neutral	0.109	0.73	0.161
bj	neutral	0.203	0.665	0.131
bk	neutral	0.112	0.775	0.113
bl	neutral	0.052	0.704	0.245
bm	neutral	0.425	0.445	0.131
bn	neutral	0.24	0.578	0.182
d0	neutral	0.071	0.511	0.418
bo	neutral	0.463	0.485	0.053
bp	neutral	0.213	0.627	0.16
d2	neutral	0.254	0.551	0.195
d3	positive	0.106	0.415	0.479
rainny	negative	0.766	0.132	0.102
br	neutral	0.128	0.734	0.138
bt	neutral	0.314	0.569	0.117
bu	neutral	0.196	0.638	0.166
bv	neutral	0.275	0.683	0.042
bw	neutral	0.371	0.515	0.115
fook	negative	0.714	0.213	0.073
bx	neutral	0.137	0.66	0.203
by	negative	0.581	0.163	0.256
bz	neutral	0.26	0.61	0.13
ca	neutral	0.156	0.593	0.251
cb	neutral	0.271	0.532	0.197
cc	negative	0.414	0.392	0.193
cd	neutral	0.039	0.699	0.263
ce	neutral	0.318	0.636	0.046
cf	neutral	0.023	0.777	0.201
cg	neutral	0.063	0.538	0.399
ch	neutral	0.168	0.596	0.236
ci	neutral	0.319	0.607	0.074
cj	neutral	0.05	0.722	0.229
ck	neutral	0.061	0.703	0.236
cl	neutral	0.171	0.667	0.162
cm	neutral	0.309	0.637	0.053
cn	neutral	0.068	0.645	0.287
co	neutral	0.063	0.683	0.255
cp	neutral	0.378	0.592	0.029
e3	neutral	0.069	0.687	0.245
cr	neutral	0.427	0.442	0.131
e4	negative	0.504	0.441	0.056
fone	neutral	0.404	0.526	0.07
cs	neutral	0.12	0.762	0.119
ct	neutral	0.064	0.647	0.289
cu	neutral	0.18	0.737	0.083
cv	neutral	0.117	0.76	0.123
cw	neutral	0.184	0.554	0.262
cy	neutral	0.031	0.924	0.045
cz	negative	0.577	0.342	0.081
da	neutral	0.287	0.566	0.147
db	neutral	0.146	0.715	0.139
dc	neutral	0.062	0.772	0.166
dd	neutral	0.252	0.4	0.349
de	neutral	0.129	0.706	0.165
df	negative	0.585	0.308	0.107
dg	neutral	0.231	0.66	0.109
dh	neutral	0.131	0.558	0.311
di	neutral	0.055	0.772	0.173
dj	neutral	0.05	0.767	0.183
dk	neutral	0.176	0.595	0.229
dl	neutral	0.117	0.765	0.117
fora	neutral	0.359	0.564	0.076
dm	neutral	0.123	0.551	0.326
f/	neutral	0.102	0.807	0.091
dn	neutral	0.31	0.576	0.114
do	neutral	0.097	0.58	0.323
f1	neutral	0.067	0.631	0.302
dp	neutral	0.171	0.603	0.226
dq	neutral	0.091	0.706	0.203
dr	neutral	0.099	0.831	0.071
f4	positive	0.237	0.289	0.474
ds	neutral	0.063	0.745	0.192
f5	neutral	0.306	0.597	0.098
dt	neutral	0.317	0.601	0.081
du	neutral	0.155	0.698	0.147
dv	positive	0.187	0.364	0.448
dw	neutral	0.225	0.537	0.238
dx	negative	0.528	0.384	0.088
dy	neutral	0.061	0.663	0.277
ea	neutral	0.367	0.512	0.121
eb	neutral	0.115	0.632	0.253
ec	neutral	0.3	0.621	0.079
ed	negative	0.515	0.404	0.081
brainstorming	neutral	0.023	0.799	0.178
ee	neutral	0.215	0.608	0.177
ef	neutral	0.387	0.592	0.021
eg	neutral	0.234	0.636	0.13
eh	neutral	0.141	0.529	0.33
ei	neutral	0.037	0.796	0.168
ej	neutral	0.05	0.843	0.108
ek	neutral	0.182	0.617	0.201
el	neutral	0.337	0.584	0.079
em	neutral	0.348	0.402	0.25
en	neutral	0.176	0.668	0.156
g0	negative	0.475	0.181	0.344
g1	neutral	0.268	0.472	0.26
ep	neutral	0.086	0.725	0.19
g2	neutral	0.373	0.467	0.16
g3	neutral	0.077	0.711	0.213
eq	neutral	0.262	0.566	0.172
g4	neutral	0.245	0.663	0.093
er	negative	0.493	0.479	0.028
g5	neutral	0.092	0.844	0.063
es	neutral	0.134	0.626	0.24
et	neutral	0.149	0.745	0.106
eu	neutral	0.18	0.624	0.195
ev	neutral	0.223	0.647	0.13
ew	negative	0.846	0.13	0.024
ex	negative	0.669	0.15	0.18
ey	positive	0.056	0.24	0.704
ez	neutral	0.309	0.494	0.196
fa	neutral	0.095	0.707	0.198
fb	neutral	0.304	0.609	0.086
fc	positive	0.153	0.354	0.493
fd	neutral	0.344	0.602	0.054
fe	neutral	0.081	0.674	0.246
ff	positive	0.033	0.427	0.54
fg	neutral	0.174	0.676	0.15
fh	neutral	0.376	0.598	0.026
fi	neutral	0.112	0.689	0.2
fk	negative	0.812	0.09	0.098
fl	neutral	0.083	0.703	0.214
fota	positive	0.284	0.302	0.413
fm	neutral	0.066	0.779	0.155
fotc	negative	0.478	0.165	0.357
fn	negative	0.91	0.036	0.053
fo	neutral	0.221	0.515	0.264
fp	neutral	0.186	0.47	0.344
h3	neutral	0.053	0.723	0.223
fr	neutral	0.096	0.613	0.291
fs	neutral	0.255	0.652	0.093
ft	neutral	0.158	0.547	0.295
fu	neutral	0.422	0.528	0.05
h8	negative	0.842	0.072	0.086
fw	neutral	0.205	0.518	0.277
fx	neutral	0.135	0.596	0.27
ga	neutral	0.106	0.708	0.186
fost	neutral	0.291	0.622	0.088
gb	neutral	0.08	0.737	0.183
gc	positive	0.08	0.434	0.486
gd	positive	0.028	0.448	0.524
ge	neutral	0.381	0.532	0.087
gf	neutral	0.288	0.458	0.254
gg	neutral	0.211	0.432	0.357
gh	neutral	0.253	0.479	0.267
gi	neutral	0.117	0.851	0.032
gj	neutral	0.173	0.764	0.063
gk	neutral	0.09	0.819	0.091
gl	neutral	0.11	0.697	0.194
gm	neutral	0.199	0.525	0.275
gn	neutral	0.223	0.534	0.243
go	neutral	0.249	0.589	0.162
gp	neutral	0.054	0.648	0.299
gq	neutral	0.016	0.682	0.302
gr	neutral	0.139	0.632	0.229
gs	neutral	0.153	0.803	0.044
gt	neutral	0.241	0.654	0.105
gu	neutral	0.11	0.518	0.371
i7	neutral	0.013	0.674	0.314
gv	neutral	0.252	0.614	0.133
gw	neutral	0.034	0.818	0.148
có	neutral	0.372	0.451	0.177
forr	neutral	0.158	0.521	0.321
hb	neutral	0.149	0.672	0.179
fort	neutral	0.037	0.838	0.124
hc	neutral	0.152	0.655	0.193
hd	neutral	0.111	0.733	0.157
he	negative	0.577	0.198	0.225
hg	neutral	0.068	0.619	0.314
hh	neutral	0.27	0.663	0.066
hi	neutral	0.023	0.513	0.463
hj	neutral	0.04	0.664	0.295
hk	positive	0.301	0.307	0.392
hl	neutral	0.403	0.466	0.131
hn	negative	0.641	0.28	0.079
ho	neutral	0.154	0.738	0.107
hp	neutral	0.177	0.693	0.13
hq	neutral	0.072	0.763	0.165
hr	neutral	0.144	0.762	0.095
hs	neutral	0.038	0.747	0.215
ht	neutral	0.205	0.412	0.383
hu	negative	0.69	0.271	0.039
hv	neutral	0.098	0.462	0.44
hw	neutral	0.08	0.782	0.138
hy	neutral	0.051	0.624	0.325
four	neutral	0.116	0.827	0.057
ia	neutral	0.185	0.494	0.321
ib	neutral	0.208	0.549	0.244
ic	neutral	0.29	0.551	0.159
id	neutral	0.212	0.594	0.194
https	negative	0.521	0.356	0.123
ie	neutral	0.344	0.621	0.035
if	negative	0.514	0.23	0.256
ih	neutral	0.04	0.628	0.331
ii	neutral	0.321	0.471	0.208
ij	neutral	0.153	0.708	0.139
ik	negative	0.404	0.378	0.218
il	neutral	0.087	0.624	0.289
im	neutral	0.407	0.52	0.073
in	neutral	0.127	0.757	0.116
io	neutral	0.454	0.52	0.026
ip	neutral	0.21	0.501	0.289
k2	neutral	0.176	0.705	0.119
iq	positive	0.206	0.286	0.508
ir	neutral	0.257	0.683	0.061
is	negative	0.53	0.281	0.189
it	negative	0.401	0.32	0.279
iu	neutral	0.213	0.512	0.275
iv	neutral	0.34	0.536	0.124
iw	neutral	0.169	0.735	0.096
iy	neutral	0.12	0.621	0.259
iz	negative	0.658	0.152	0.19
foto	neutral	0.13	0.659	0.211
ja	neutral	0.137	0.664	0.199
jb	neutral	0.178	0.516	0.305
jc	neutral	0.108	0.528	0.365
jd	neutral	0.035	0.673	0.292
je	neutral	0.085	0.788	0.127
jf	negative	0.462	0.43	0.108
jg	neutral	0.044	0.78	0.176
jh	neutral	0.327	0.461	0.211
ji	neutral	0.223	0.646	0.131
jj	neutral	0.1	0.707	0.193
jk	negative	0.419	0.193	0.388
jl	neutral	0.142	0.741	0.117
jm	positive	0.108	0.409	0.482
jo	neutral	0.114	0.689	0.197
jp	positive	0.337	0.325	0.338
jr	neutral	0.067	0.846	0.087
js	neutral	0.128	0.734	0.138
jt	neutral	0.299	0.367	0.334
ju	neutral	0.233	0.574	0.194
jv	neutral	0.039	0.623	0.338
l8	negative	0.526	0.388	0.085
jw	neutral	0.108	0.744	0.148
jz	positive	0.035	0.411	0.555
@dazzleme18	positive	0.306	0.12	0.575
ka	neutral	0.062	0.642	0.296
kb	neutral	0.175	0.725	0.1
m$	neutral	0.261	0.659	0.08
kc	neutral	0.342	0.403	0.255
@wollemipine	positive	0.027	0.191	0.782
kd	neutral	0.102	0.734	0.164
ke	neutral	0.06	0.811	0.128
kg	neutral	0.405	0.571	0.025
kh	neutral	0.149	0.842	0.01
ki	neutral	0.096	0.783	0.122
kj	positive	0.136	0.296	0.568
kk	neutral	0.119	0.454	0.427
kl	neutral	0.025	0.806	0.168
km	neutral	0.086	0.811	0.103
m/	positive	0.091	0.179	0.73
kn	negative	0.485	0.427	0.087
ko	neutral	0.093	0.685	0.222
m1	neutral	0.117	0.867	0.016
kp	neutral	0.371	0.513	0.116
m2	neutral	0.335	0.627	0.038
gì	neutral	0.346	0.536	0.119
m3	negative	0.568	0.407	0.025
kr	negative	0.522	0.309	0.168
ks	neutral	0.148	0.726	0.125
m6	neutral	0.134	0.863	0.003
kt	neutral	0.052	0.497	0.452
ku	neutral	0.094	0.64	0.266
m8	positive	0.125	0.417	0.458
ky	neutral	0.078	0.75	0.172
la	neutral	0.045	0.776	0.179
lb	neutral	0.068	0.827	0.105
lc	neutral	0.229	0.723	0.048
ld	neutral	0.451	0.524	0.025
le	neutral	0.344	0.61	0.046
lf	neutral	0.056	0.872	0.072
lg	neutral	0.071	0.788	0.141
lh	neutral	0.166	0.812	0.022
li	neutral	0.128	0.541	0.331
lj	neutral	0.362	0.587	0.051
lk	negative	0.383	0.379	0.238
ll	neutral	0.293	0.479	0.228
lm	negative	0.434	0.41	0.156
ln	neutral	0.281	0.668	0.051
n0	negative	0.471	0.223	0.306
lo	neutral	0.145	0.738	0.117
n1	neutral	0.01	0.525	0.465
lp	neutral	0.096	0.677	0.227
n2	negative	0.669	0.275	0.056
montreal	neutral	0.332	0.399	0.268
lr	neutral	0.068	0.585	0.347
ls	neutral	0.395	0.564	0.041
lt	negative	0.508	0.404	0.088
lu	neutral	0.088	0.611	0.301
lv	neutral	0.234	0.646	0.12
lw	neutral	0.19	0.756	0.054
lx	neutral	0.09	0.856	0.054
ly	neutral	0.029	0.638	0.333
ma	neutral	0.219	0.564	0.216
mb	neutral	0.117	0.73	0.153
mc	neutral	0.259	0.638	0.104
md	neutral	0.125	0.688	0.188
me	negative	0.719	0.089	0.193
mf	negative	0.487	0.453	0.06
mg	neutral	0.267	0.676	0.057
mh	neutral	0.099	0.776	0.125
mi	neutral	0.133	0.658	0.209
mj	neutral	0.257	0.428	0.315
mk	neutral	0.255	0.651	0.095
ml	neutral	0.042	0.865	0.093
o/	positive	0.109	0.236	0.655
mn	neutral	0.084	0.759	0.157
mo	neutral	0.271	0.624	0.105
mp	neutral	0.198	0.696	0.106
o2	neutral	0.075	0.62	0.305
mr	neutral	0.057	0.718	0.225
ms	neutral	0.276	0.63	0.094
mt	neutral	0.259	0.677	0.064
mu	neutral	0.303	0.662	0.035
mv	neutral	0.222	0.551	0.227
mw	neutral	0.032	0.606	0.362
o9	neutral	0.172	0.658	0.17
mx	neutral	0.042	0.521	0.437
o:	negative	0.528	0.33	0.142
my	neutral	0.206	0.619	0.174
mz	positive	0.142	0.369	0.488
na	neutral	0.125	0.671	0.205
nb	neutral	0.28	0.677	0.043
nc	neutral	0.073	0.687	0.24
nd	neutral	0.36	0.548	0.092
ne	neutral	0.468	0.494	0.038
já	neutral	0.133	0.737	0.13
nf	neutral	0.167	0.656	0.177
ng	neutral	0.152	0.807	0.041
foxx	neutral	0.174	0.706	0.12
nh	neutral	0.063	0.927	0.009
ni	neutral	0.069	0.688	0.243
nj	neutral	0.068	0.722	0.21
nk	neutral	0.042	0.546	0.412
nl	neutral	0.015	0.825	0.161
nm	neutral	0.172	0.634	0.195
nn	neutral	0.226	0.669	0.105
no	negative	0.479	0.441	0.08
p1	neutral	0.404	0.564	0.032
np	positive	0.19	0.282	0.529
p2	negative	0.726	0.21	0.065
p3	neutral	0.123	0.85	0.027
nr	neutral	0.133	0.772	0.095
p4	neutral	0.041	0.828	0.13
ns	neutral	0.234	0.637	0.129
nt	neutral	0.299	0.429	0.272
nu	neutral	0.22	0.656	0.125
nv	neutral	0.152	0.769	0.079
nw	neutral	0.227	0.604	0.168
nx	neutral	0.181	0.775	0.045
ny	neutral	0.025	0.83	0.145
nz	neutral	0.281	0.427	0.292
oa	neutral	0.393	0.491	0.116
ob	neutral	0.283	0.648	0.069
oc	neutral	0.082	0.833	0.085
od	negative	0.538	0.394	0.068
oe	neutral	0.029	0.635	0.336
of	neutral	0.184	0.6	0.217
og	neutral	0.437	0.502	0.061
oi	neutral	0.147	0.486	0.367
oj	neutral	0.12	0.729	0.151
ok	negative	0.404	0.29	0.306
ol	positive	0.115	0.397	0.487
om	neutral	0.13	0.769	0.101
on	neutral	0.142	0.775	0.083
oo	neutral	0.07	0.683	0.247
op	neutral	0.195	0.741	0.063
or	neutral	0.19	0.751	0.059
os	neutral	0.17	0.498	0.332
ot	neutral	0.217	0.632	0.151
ou	neutral	0.361	0.532	0.107
ov	neutral	0.441	0.517	0.042
ow	neutral	0.444	0.507	0.049
oy	negative	0.832	0.125	0.043
oz	neutral	0.056	0.571	0.373
pa	neutral	0.14	0.624	0.237
pb	neutral	0.064	0.805	0.131
pc	neutral	0.143	0.763	0.095
pd	neutral	0.148	0.79	0.062
là	neutral	0.25	0.691	0.059
pe	neutral	0.299	0.649	0.053
lá	neutral	0.218	0.703	0.08
pf	neutral	0.27	0.621	0.11
pg	neutral	0.229	0.684	0.088
ph	neutral	0.144	0.84	0.016
pi	neutral	0.252	0.699	0.049
pj	neutral	0.098	0.807	0.095
pk	neutral	0.431	0.551	0.018
pl	neutral	0.066	0.722	0.213
pm	neutral	0.073	0.822	0.105
pn	neutral	0.392	0.595	0.013
po	neutral	0.053	0.708	0.239
r1	neutral	0.337	0.642	0.021
pp	neutral	0.19	0.695	0.115
r2	neutral	0.108	0.666	0.226
pq	neutral	0.143	0.797	0.06
pr	neutral	0.021	0.53	0.45
r4	neutral	0.217	0.696	0.087
ps	neutral	0.096	0.611	0.294
pt	neutral	0.075	0.712	0.213
pu	neutral	0.051	0.837	0.112
pv	neutral	0.274	0.678	0.048
r8	neutral	0.155	0.577	0.268
pw	neutral	0.061	0.798	0.141
qa	neutral	0.09	0.811	0.1
qb	neutral	0.063	0.611	0.326
qc	neutral	0.277	0.504	0.219
mà	neutral	0.409	0.455	0.136
qe	neutral	0.156	0.466	0.378
qi	neutral	0.239	0.52	0.241
s-	negative	0.43	0.283	0.286
s0	neutral	0.295	0.386	0.319
qo	negative	0.413	0.319	0.268
s1	neutral	0.163	0.557	0.28
s2	positive	0.102	0.423	0.474
s3	neutral	0.246	0.606	0.148
qq	neutral	0.243	0.703	0.054
qr	neutral	0.012	0.709	0.279
s4	neutral	0.347	0.467	0.187
s5	positive	0.26	0.299	0.44
qs	neutral	0.336	0.625	0.039
qt	neutral	0.05	0.775	0.175
qu	neutral	0.15	0.843	0.007
ra	neutral	0.359	0.621	0.019
rb	neutral	0.039	0.66	0.302
rc	neutral	0.068	0.705	0.227
rd	neutral	0.096	0.811	0.093
re	negative	0.513	0.308	0.179
rf	neutral	0.173	0.777	0.05
rg	neutral	0.337	0.42	0.243
rh	negative	0.609	0.35	0.041
ri	neutral	0.088	0.783	0.129
rj	neutral	0.161	0.565	0.274
rk	negative	0.536	0.343	0.121
rl	neutral	0.148	0.703	0.15
rm	neutral	0.394	0.568	0.038
né	neutral	0.071	0.845	0.084
t0	neutral	0.347	0.358	0.294
rn	negative	0.517	0.397	0.086
ro	neutral	0.112	0.492	0.395
t1	positive	0.391	0.209	0.4
rp	neutral	0.287	0.621	0.092
t2	positive	0.28	0.263	0.457
t3	neutral	0.112	0.634	0.254
t4	neutral	0.147	0.611	0.243
rr	neutral	0.185	0.748	0.067
rs	neutral	0.152	0.747	0.101
rt	positive	0.057	0.405	0.538
ru	neutral	0.1	0.674	0.226
rv	neutral	0.072	0.676	0.252
t9	negative	0.479	0.342	0.18
nó	neutral	0.253	0.539	0.208
rx	neutral	0.038	0.569	0.394
ry	neutral	0.203	0.673	0.124
sa	neutral	0.251	0.621	0.128
sb	neutral	0.307	0.642	0.05
sc	neutral	0.081	0.724	0.195
sd	neutral	0.036	0.841	0.123
se	neutral	0.368	0.588	0.045
sf	neutral	0.221	0.604	0.175
sg	negative	0.459	0.327	0.214
sh	neutral	0.126	0.496	0.378
si	neutral	0.147	0.695	0.158
sj	neutral	0.072	0.666	0.263
sk	neutral	0.254	0.692	0.053
sl	negative	0.473	0.415	0.112
sm	neutral	0.114	0.797	0.088
sn	neutral	0.33	0.64	0.03
sp	neutral	0.242	0.68	0.077
u2	positive	0.053	0.347	0.6
sq	neutral	0.051	0.886	0.063
sr	neutral	0.299	0.685	0.016
ss	neutral	0.42	0.54	0.041
st	neutral	0.035	0.777	0.188
su	neutral	0.12	0.608	0.271
sv	neutral	0.232	0.731	0.037
sw	neutral	0.295	0.656	0.049
sy	neutral	0.029	0.712	0.259
ta	positive	0.109	0.31	0.582
tb	neutral	0.411	0.463	0.126
tc	neutral	0.122	0.624	0.255
td	neutral	0.112	0.788	0.101
te	neutral	0.127	0.567	0.306
tf	neutral	0.279	0.515	0.206
tg	neutral	0.099	0.727	0.174
th	neutral	0.106	0.766	0.128
ti	neutral	0.252	0.71	0.039
på	neutral	0.145	0.462	0.393
tj	neutral	0.236	0.507	0.257
tk	neutral	0.351	0.512	0.137
tl	neutral	0.033	0.599	0.368
tm	neutral	0.202	0.734	0.063
tn	neutral	0.148	0.672	0.18
to	neutral	0.186	0.57	0.244
tp	neutral	0.064	0.824	0.112
v2	neutral	0.097	0.757	0.146
v3	neutral	0.139	0.756	0.106
tq	positive	0.003	0.149	0.848
tr	neutral	0.076	0.886	0.037
ts	neutral	0.283	0.603	0.114
tt	neutral	0.16	0.73	0.11
tu	neutral	0.117	0.693	0.19
tv	neutral	0.32	0.509	0.171
v8	neutral	0.129	0.59	0.281
tw	neutral	0.172	0.689	0.139
tx	neutral	0.042	0.635	0.324
ty	positive	0.005	0.31	0.684
tz	neutral	0.171	0.7	0.13
ua	negative	0.642	0.349	0.009
ub	neutral	0.075	0.868	0.057
uc	neutral	0.047	0.882	0.071
ud	neutral	0.192	0.557	0.25
ue	neutral	0.181	0.778	0.041
uf	negative	0.536	0.409	0.055
ug	neutral	0.301	0.626	0.074
uh	neutral	0.305	0.377	0.319
ui	neutral	0.038	0.771	0.191
uk	neutral	0.036	0.732	0.232
ul	neutral	0.087	0.521	0.392
w/	neutral	0.076	0.581	0.342
um	neutral	0.191	0.672	0.136
un	neutral	0.349	0.564	0.087
uo	neutral	0.311	0.617	0.072
up	neutral	0.324	0.493	0.183
ur	positive	0.048	0.46	0.492
us	positive	0.018	0.44	0.543
ut	neutral	0.244	0.578	0.177
uu	neutral	0.03	0.518	0.452
w8	neutral	0.096	0.66	0.244
uv	positive	0.107	0.369	0.524
uw	neutral	0.025	0.825	0.15
ux	positive	0.094	0.361	0.545
uy	positive	0.122	0.347	0.531
uz	neutral	0.06	0.626	0.314
va	neutral	0.083	0.694	0.223
vb	neutral	0.048	0.796	0.156
vc	neutral	0.118	0.734	0.149
ve	neutral	0.211	0.671	0.119
vi	neutral	0.046	0.773	0.181
cartoons	neutral	0.207	0.477	0.316
vm	neutral	0.184	0.777	0.039
vn	neutral	0.225	0.722	0.054
x0	neutral	0.088	0.624	0.288
x1	negative	0.425	0.327	0.248
vo	neutral	0.09	0.807	0.103
x2	neutral	0.151	0.674	0.175
vp	neutral	0.249	0.525	0.226
x3	negative	0.374	0.319	0.307
vr	negative	0.58	0.405	0.015
vs	negative	0.437	0.409	0.153
vt	neutral	0.035	0.681	0.284
vu	neutral	0.425	0.548	0.027
vv	neutral	0.224	0.708	0.069
vw	neutral	0.06	0.843	0.097
wa	neutral	0.221	0.54	0.239
wb	neutral	0.193	0.704	0.103
wc	neutral	0.065	0.753	0.182
wd	neutral	0.122	0.664	0.214
we	neutral	0.042	0.716	0.242
wf	neutral	0.314	0.665	0.021
wg	neutral	0.269	0.492	0.24
wh	neutral	0.183	0.674	0.143
wi	neutral	0.177	0.633	0.19
wk	neutral	0.074	0.745	0.181
wl	neutral	0.111	0.726	0.163
wm	neutral	0.3	0.573	0.128
wn	neutral	0.189	0.735	0.075
wo	neutral	0.196	0.557	0.246
wp	neutral	0.072	0.655	0.274
wr	negative	0.501	0.493	0.006
ws	negative	0.436	0.425	0.139
wt	neutral	0.17	0.474	0.356
wu	neutral	0.324	0.509	0.168
wv	neutral	0.062	0.641	0.298
ww	neutral	0.25	0.671	0.079
só	neutral	0.122	0.738	0.14
wx	negative	0.524	0.457	0.019
wy	neutral	0.164	0.743	0.092
wz	negative	0.497	0.323	0.179
w|	positive	0.223	0.306	0.471
xa	neutral	0.138	0.802	0.06
xc	neutral	0.063	0.572	0.365
xe	neutral	0.105	0.72	0.174
tá	neutral	0.152	0.72	0.128
nevermind	negative	0.771	0.171	0.058
să	neutral	0.318	0.612	0.069
xi	neutral	0.11	0.697	0.193
xl	neutral	0.278	0.705	0.016
xm	neutral	0.152	0.549	0.299
xs	neutral	0.27	0.673	0.057
xt	neutral	0.193	0.744	0.062
xx	neutral	0.056	0.553	0.39
tô	neutral	0.289	0.557	0.154
xy	neutral	0.206	0.631	0.163
ya	positive	0.057	0.364	0.579
ye	neutral	0.136	0.497	0.367
yg	neutral	0.033	0.849	0.118
yh	neutral	0.311	0.548	0.141
yi	positive	0.058	0.331	0.611
ym	neutral	0.425	0.515	0.06
yn	neutral	0.162	0.663	0.175
yo	neutral	0.264	0.575	0.161
yr	neutral	0.108	0.532	0.36
@allieandra	negative	0.754	0.116	0.13
yt	neutral	0.344	0.49	0.166
yu	neutral	0.176	0.505	0.32
yw	positive	0.03	0.338	0.633
za	neutral	0.288	0.535	0.177
và	neutral	0.361	0.405	0.234
ze	neutral	0.233	0.57	0.197
zi	neutral	0.337	0.596	0.068
zo	positive	0.189	0.405	0.405
zq	negative	0.423	0.273	0.304
|3	negative	0.482	0.346	0.172
@johnchow	positive	0.018	0.142	0.84
zu	neutral	0.315	0.627	0.058
vacuuming	neutral	0.036	0.733	0.231
|:	negative	0.606	0.367	0.027
zz	neutral	0.303	0.349	0.348
'{{'	positive	0.139	0.209	0.652
#idiot	neutral	0.03	0.518	0.452
buttered	neutral	0.08	0.798	0.122
||	positive	0.107	0.296	0.597
@brettjohn	positive	0.269	0.069	0.662
lightest	negative	0.479	0.448	0.073
'}}'	positive	0.143	0.201	0.656
už	negative	0.481	0.471	0.048
lighters	neutral	0.278	0.706	0.015
@freyalynn	positive	0.332	0.229	0.439
shepards	neutral	0.038	0.869	0.092
ferrari	neutral	0.21	0.527	0.263
http://bit.ly/nos9d	positive	0	0.484	0.516
twitterrr	negative	0.345	0.336	0.318
giveaway	neutral	0.03	0.785	0.185
@streetanchor	neutral	0.2	0.573	0.227
posing	negative	0.669	0.29	0.041
blahhhhhh	negative	0.806	0.116	0.078
halfway	neutral	0.225	0.735	0.041
@sdweathers	neutral	0.064	0.569	0.367
@andrewdearling	positive	0.037	0.327	0.637
coyotes	negative	0.6	0.351	0.049
mufasa	positive	0.454	0.089	0.458
ehehe	neutral	0.012	0.539	0.449
twitterin	negative	0.749	0.125	0.126
'annie\'s'	neutral	0.033	0.567	0.4
twitterer	neutral	0.259	0.435	0.306
lester	neutral	0.045	0.73	0.225
twittered	negative	0.651	0.249	0.1
jeeves	neutral	0.075	0.789	0.136
foodies	neutral	0.016	0.742	0.242
video	neutral	0.089	0.467	0.444
morningggg	neutral	0.095	0.66	0.244
@shortstackband	positive	0.126	0.283	0.591
stationed	positive	0.036	0.389	0.575
@erickimberlin	neutral	0.159	0.569	0.272
workouts	neutral	0.044	0.785	0.171
#peterfacinelli	negative	0.616	0.113	0.272
'30,000'	neutral	0.041	0.699	0.26
noelle	neutral	0.025	0.789	0.185
manually	neutral	0.188	0.694	0.118
lightbox	neutral	0.031	0.697	0.271
rediscovered	neutral	0.059	0.508	0.433
£1	positive	0.038	0.355	0.607
£2	positive	0.198	0.226	0.576
£3	neutral	0.409	0.476	0.116
@wendy_fred6	neutral	0.369	0.572	0.06
£5	neutral	0.021	0.543	0.437
£6	neutral	0.014	0.553	0.433
£8	neutral	0.244	0.403	0.353
halfwit	negative	0.823	0.074	0.103
lovelove	neutral	0.027	0.669	0.304
@dani3boyz	positive	0.354	0.271	0.375
http://www.4officeautomation.com	neutral	0.026	0.945	0.028
snacking	positive	0.102	0.446	0.452
reznor	neutral	0.15	0.531	0.319
horseback	neutral	0.171	0.657	0.172
@darkangel808	positive	0.052	0.312	0.637
@theroser	positive	0.028	0.226	0.746
@crusaderz4life	positive	0.058	0.251	0.691
¬¬	negative	0.499	0.344	0.157
@tommytrc	positive	0.02	0.264	0.717
discounted	neutral	0.092	0.696	0.212
frak	negative	0.811	0.144	0.045
fran	neutral	0.265	0.439	0.296
frap	neutral	0.024	0.846	0.13
frat	negative	0.503	0.453	0.044
botherd	neutral	0.401	0.448	0.151
alyssa	neutral	0.041	0.761	0.198
fren	neutral	0.186	0.482	0.332
freo	negative	0.483	0.213	0.304
fred	neutral	0.154	0.655	0.192
rebellion	neutral	0.322	0.57	0.108
@jonaskevin	positive	0.059	0.345	0.596
@jeffcrossphoto	neutral	0.024	0.622	0.353
alyson	positive	0.004	0.456	0.541
rebelling	negative	0.697	0.288	0.015
@pippi43	positive	0.092	0.236	0.672
@antipov	positive	0.124	0.126	0.749
frio	neutral	0.114	0.604	0.282
fretting	neutral	0.356	0.374	0.27
frig	neutral	0.024	0.858	0.118
frkn	negative	0.801	0.043	0.156
@scottiejen	positive	0.116	0.225	0.659
tracked	negative	0.42	0.389	0.192
argghhh	negative	0.682	0.301	0.017
tracker	neutral	0.126	0.702	0.171
cowgirl	neutral	0.23	0.753	0.017
from	neutral	0.227	0.742	0.031
fron	neutral	0.008	0.675	0.317
frnd	negative	0.652	0.085	0.263
vicks	neutral	0.434	0.524	0.042
vicky	neutral	0.081	0.676	0.243
yuuup	positive	0.199	0.17	0.631
vicki	neutral	0.063	0.695	0.241
@_rachaelll	negative	0.529	0.405	0.066
newlyweds	negative	0.541	0.287	0.172
hateeee	negative	0.748	0.159	0.093
catchin	neutral	0.307	0.611	0.082
billings	neutral	0.016	0.702	0.282
frum	negative	0.728	0.205	0.066
@moryan	positive	0.125	0.35	0.526
repeating	negative	0.528	0.325	0.147
kardashian	neutral	0.028	0.524	0.448
frys	neutral	0.054	0.738	0.208
ponders	negative	0.591	0.054	0.355
!!!!!!!!!!!!	negative	0.464	0.126	0.41
catcher	neutral	0.017	0.747	0.236
catches	negative	0.465	0.162	0.373
@lidles	negative	0.862	0.032	0.106
catched	negative	0.541	0.395	0.063
rearranging	neutral	0.175	0.523	0.301
catchya	positive	0.004	0.494	0.502
ehhhh	neutral	0.208	0.749	0.043
regreting	positive	0.251	0.283	0.466
adrienne	neutral	0.03	0.505	0.464
@spencerpratt	positive	0.05	0.304	0.646
outage	neutral	0.265	0.644	0.09
@siahwalker	neutral	0.321	0.362	0.317
iyaaa	neutral	0.028	0.855	0.117
catchup	neutral	0.286	0.431	0.282
@analystalterego	negative	0.437	0.32	0.243
awakee	negative	0.431	0.17	0.399
@stereophonics	positive	0.021	0.227	0.752
@jacky_ds	negative	0.379	0.362	0.26
hookers	negative	0.558	0.413	0.03
'kitty\'s'	negative	0.574	0.297	0.129
@rosellyanna	neutral	0.258	0.693	0.05
ça	neutral	0.033	0.737	0.23
shortbread	neutral	0.007	0.732	0.26
developed	neutral	0.348	0.476	0.175
@kyle270	neutral	0.087	0.813	0.1
developer	neutral	0.077	0.73	0.193
peterson	neutral	0.029	0.716	0.254
@brookandthecity	positive	0.261	0.164	0.575
@matthewkempster	negative	0.659	0.317	0.024
goiing	negative	0.435	0.421	0.145
raises	positive	0.285	0.212	0.503
@sup_ashley	negative	0.602	0.209	0.189
rafting	neutral	0.3	0.388	0.313
punctured	neutral	0.463	0.51	0.028
raisin	neutral	0.04	0.851	0.109
oceanup	neutral	0.451	0.453	0.096
ở	neutral	0.341	0.459	0.2
sci-fi	neutral	0.068	0.667	0.265
@giajordan	negative	0.517	0.313	0.17
@emilyalltimelow	neutral	0.371	0.385	0.243
@malarkey	neutral	0.064	0.524	0.412
similiar	positive	0.076	0.276	0.648
@thisgoodlife	positive	0.313	0.195	0.492
ftsk	neutral	0.256	0.429	0.316
@surfnmusicexpo	positive	0.079	0.093	0.829
'thursday\'s'	neutral	0.322	0.609	0.069
nobodys	negative	0.739	0.13	0.131
–	positive	0.061	0.3	0.638
—	neutral	0.164	0.434	0.402
‘	neutral	0.173	0.69	0.138
’	neutral	0.179	0.696	0.125
“	neutral	0.06	0.774	0.167
•	positive	0.347	0.247	0.406
…	neutral	0.163	0.683	0.155
@jon_favreau	positive	0.024	0.277	0.7
@mayawesome	neutral	0.132	0.58	0.288
tweaking	neutral	0.022	0.831	0.147
ferrets	negative	0.828	0.066	0.106
€	neutral	0.389	0.596	0.015
flown	negative	0.372	0.268	0.36
flows	neutral	0.07	0.601	0.328
floyd	neutral	0.117	0.677	0.206
'nikki\'s'	neutral	0.33	0.558	0.111
http://twitpic.com/5f798	positive	0.002	0.244	0.754
fucc	negative	0.786	0.196	0.018
đi	negative	0.429	0.386	0.185
'????????,'	neutral	0.009	0.742	0.249
